957402636
957404496
1277706510
1470040291
1470695049
1799269967
1799269973
1807711691
1807711857
1807711905
1811756812
1811756815
1811756836
1814292895
1814368645
1814368649
1826653106
1874307777
1878563862
1878563899
1881602471
1881602719
1885813024
1885813028
1885813030
1895035293
1895035301
1895035516
1899972979
1899972980
1903124234
1919381356
1927575186
1929157285
1932958081
1965808045
1983459887
2297249278
2297249293
2297250213
2297681764
2297681826
2297682024
2297682781
2328703481
3783593463
3857183776
5649085856
5649085857
5649085858
5649085859
5649085860
5649085861
5649085862
5649085863
5649085864
5649085865
5649085867
5649085868
5649085869
5909136896
6078100333
6516662651
6673223357
6673223358
6673223359
6688455698
6757241255
6757241256
6917882567
6928121637
6934688790
6939052707
6939052708
8125019323
8814833326
9487636288
10717606404
10717611901
10717624519
10717630223
10717658791
10717685977
10719001066
10719033106
10719059423
10719855857
10719884215
10719892971
10719981084
10719991947
10720468485
10720858774
10720875568
10720877850
10720893677
10720914563
10720923953
10721014681
10721021283
10721033042
10721073235
10721084827
10721087842
10721088047
10721088245
10721099707
10721105178
10721109836
10721123242
10721133393
10721279892
10722134378
10722144253
10722154876
10722154877
10722171889
10722173414
10722184935
10722202455
10722212025
10725327321
10725375509
10732717576
10732751368
10732767730
10732768595
10732770300
10732770329
10732777032
10732784048
10732786224
10733050399
10733064580
